rent rentsqm area yearc location district
120.974 3.456 35 1939 1 1112
436.974 4.202 104 1939 1 1112
355.744 12.267 29 1971 2 2114
807.231 8.322 97 1985 1 2222
482.821 7.787 62 1962 1 2222
323.692 10.442 31 1965 1 2211
370.974 6.082 61 1957.5 2 2142
373.692 5.19 72 1978 1 2143
521.692 6.956 75 1968 1 2142
644.205 9.911 65 1956 2 2113
700.462 7.697 91 1984 1 1402
781.128 7.811 100 1959 1 1516
330.308 5.161 64 1962 1 1123
245.897 3.903 63 1929 1 1132
424.974 5.822 73 1980 1 1133
292.308 5.04 58 1934 1 1133
322.256 3.978 81 1996 1 1212
472.051 4.371 108 1955 1 1111
685.539 7.88 87 1979 2 2145
509.128 8.485 60 1939 2 2145
688.974 5.512 125 1979 1 2412
205.333 3.065 67 1964 1 2314
368.769 4.61 80 1972 1 2314
636.41 8.6 74 1957 1 2414
413.231 10.596 39 1996 1 2314
846.103 9.401 90 1983 2 2144
329.897 8.046 41 1960 1 2421
303.795 5.149 59 1960 1 2421
483.026 7.667 63 1929 1 210
1150.154 7.373 156 1918 2 210
531.385 4.831 110 1918 2 232
312.615 4.168 75 1960 3 924
471.846 6.646 71 1970 1 2314
345.897 10.482 33 1967 3 964
114.462 3.27 35 1939 1 2314
326.359 12.087 27 1972 2 922
542.718 10.05 54 1986 2 964
336.974 11.232 30 1972 1 2121
486.051 5.652 86 1965 1 963
433.282 7.221 60 1957.5 2 961
713.538 8.202 87 1981 1 1361
537.333 6.889 78 1991 1 1346
528.769 5.508 96 1967 1 1341
478.821 6.744 71 1965 2 1544
471.795 7.997 59 1986 1 1322
373.026 4.288 87 1972 1 1345
404.718 5.189 78 1929 1 1011
333.795 4.768 70 1965 1 2441
369.333 6.48 57 1972 1 2421
704.103 9.388 75 1984 1 2425
705.385 12.162 58 1994.5 2 2146
899.692 9.887 91 1958 1 563
462.256 8.722 53 1956 1 1711
239.282 4.273 56 1929 1 1713
410.103 4.882 84 1956 2 1373
601.538 8.021 75 1994.5 1 1402
473.18 8.763 54 1990 1 1014
606.103 10.45 58 1994 2 1532
565.026 6.726 84 1973 1 1642
575.949 5.999 96 1924 1 1013
363.846 6.738 54 1979 1 1015
302.923 7.212 42 1971 1 1012
466.154 6.474 72 1983 1 1013
435.436 7.138 61 1983 1 1013
212.256 4.614 46 1965 1 1957
566.41 9.285 61 1983 1 1957
1035.436 9.861 105 1991 2 1927
339.436 6.927 49 1957.5 2 2026
424.154 5.236 81 1962 1 734
601.282 6.911 87 1972 1 2024
456.205 8.295 55 1969 1 2027
503.538 6.141 82 1941 1 734
243.385 5.071 48 1929 1 163
338.154 5.933 57 1964 2 522
414.564 6.097 68 1918 2 532
352.564 5.976 59 1958 2 1532
418.615 5.98 70 1939 1 2522
359.795 7.655 47 1964 1 2011
284.615 5.692 50 1990 2 2526
270.308 3.975 68 1955 1 2523
339.077 3.897 87 1969 1 2526
430.923 9.576 45 1973 2 2135
584 7.584 77 1936 1 2524
387.897 6.157 63 1951 1 2512
238.974 3.414 70 1965 1 2314
478.051 6.64 72 1972 1 2314
623.436 8.906 70 1971 1 2411
316.359 5.752 55 1971 1 1025
667.333 8.138 82 1996 1 2314
500.974 6.036 83 1972 1 2313
513.282 11.406 45 1991 1 1013
318.513 10.983 29 1974 1 1013
278.308 8.978 31 1963 1 1013
384.923 4.582 84 1962 2 2131
623.897 7.609 82 1995 2 2113
409.795 8.537 48 1983 1 2113
510.41 9.63 53 1993 1 2148
520.41 7.885 66 1971 2 2113
602.872 8.866 68 1971 1 2324
597.231 9.48 63 1929 2 2134
871.026 10.247 85 1995 1 2234
530.359 10.007 53 1971 1 2325
736.154 7.362 100 1972 1 811
838.462 9.316 90 1991 1 2226
511.487 8.973 57 1970 1 2011
365.949 5.902 62 1962 1 2513
497.487 5.076 98 1918 1 2135
538.308 9.969 54 1988 2 2515
383.077 6.721 57 1996 1 2523
346.769 4.816 72 1951 2 2522
417.846 3.869 108 1956 2 2524
337.744 6.495 52 1957.5 2 372
563.487 7.133 79 1918 2 220
517.026 8.617 60 1990 1 2314
424.564 8.491 50 1979 1 2412
534.205 7.42 72 1958 2 153
490.667 7.434 66 1957.5 2 113
594.974 8.5 70 1964 1 1132
383.231 5.807 66 1957.5 1 1132
1009.026 7.207 140 1957.5 3 1331
710.154 8.989 79 1962 1 1371
793.128 7.554 105 1980 1 1313
847.538 7.244 117 1980 1 1313
385.744 4.704 82 1929 2 411
328.718 5.977 55 1918 2 1243
704.103 7.185 98 1957.5 2 1243
618.513 8.59 72 1918 2 113
345.333 5.57 62 1929 2 1243
256 8.828 29 1971 2 415
218.051 2.32 94 1929 1 2513
652.564 8.818 74 1948 3 925
277.692 7.12 39 1968 1 1942
474.923 10.794 44 1957.5 1 916
306.923 4.514 68 1929 2 926
481.077 5.796 83 1957.5 2 411
307.641 4.048 76 1918 2 426
510.41 5.104 100 1935 2 1243
245.897 8.197 30 1959 2 425
480.462 4.805 100 1968 1 1641
254.359 5.652 45 1936 1 1612
249.744 4.897 51 1954 1 1612
362.051 4.583 79 1969 1 1622
490 7.313 67 1973 2 1531
77.077 1.976 39 1949 1 1613
333.18 5.95 56 1969 2 1408
382.256 6.591 58 1939 1 1612
417.026 9.267 45 1996 2 1542
507.949 9.768 52 1918 1 1812
297.231 7.25 41 1994 1 1831
543.744 5.179 105 1973 1 1713
477.59 6.542 73 1960 1 1822
642 8.795 73 1960 1 1822
590.615 9.228 64 1961 1 1631
298.564 9.952 30 1972 1 1615
148.513 2.475 60 1952 1 1714
544.154 5.388 101 1957 1 1721
483.744 4.398 110 1963 1 1722
429.538 5.238 82 1954 1 1722
264.615 6.615 40 1970 1 1013
408.051 5.441 75 1994.5 1 2412
180.718 2.077 87 1966 1 2441
376.974 6.854 55 1971 1 1012
522.564 7.465 70 1972 1 2421
642.103 8.026 80 1984 2 1615
344.154 4.847 71 1957.5 1 1402
471.795 6.838 69 1971 1 1642
530.205 6.312 84 1968 1 1641
479.487 5.212 92 1955 1 1112
233.282 2.916 80 1958 1 2425
144.564 2.891 50 1957 2 1334
620.667 9.549 65 1972 1 2025
463.538 6.918 67 1965 1 1944
354.513 12.661 28 1959 2 926
422.923 4.918 86 1970 1 2121
548.513 8.847 62 1994.5 2 2131
792.462 9.005 88 1982 1 2135
521.949 5.799 90 1994.5 2 2143
753.282 11.589 65 1956 1 2323
596.359 7.951 75 1972 1 1321
409.949 5.394 76 1967 1 1342
626.051 9.486 66 1937 2 1243
606.974 12.387 49 1971 2 1262
307.231 5.207 59 1940 1 2525
348.154 5.615 62 1954 2 2522
248.359 4.357 57 1936 1 2524
398.923 8.311 48 1967 1 2522
336.923 3.744 90 1950 1 2512
238.821 10.384 23 1972 2 1261
353.744 11.791 30 1973 1 551
365.128 14.043 26 1957.5 1 611
473.897 5.575 85 1973 2 711
251.59 6.621 38 1955 1 711
392.564 4.512 87 1936 2 712
890.974 10.482 85 1939 1 2024
201.538 6.298 32 1973 1 611
441.692 9.202 48 1962 1 711
540.513 6.756 80 1965 2 2025
356.615 8.491 42 1957.5 2 1262
292.256 3.564 82 1918 1 1713
296.974 8.485 35 1960 1 1822
712.462 8.796 81 1955 3 1373
833.333 10.288 81 1918 2 232
274.564 5.18 53 1961 2 532
700.82 8.245 85 1918 2 231
626.103 8.131 77 1957.5 2 231
404.462 2.952 137 1939 1 522
438.154 5.477 80 1918 2 220
439.897 9.998 44 1957.5 2 1407
173.128 2.664 65 1956 2 1242
733.897 6.116 120 1918 2 1242
328.821 10.276 32 1983 1 2522
571.641 7.725 74 1973 1 2513
391.077 6.411 61 1918 1 422
407.026 6.784 60 1964 1 1121
597.949 6.294 95 1957.5 1 951
294.513 5.454 54 1918 1 962
253.385 7.678 33 1957.5 2 942
356.82 4.351 82 1969 2 951
371.641 9.291 40 1958 2 941
333.487 3.586 93 1929 1 2513
619.538 8.152 76 1918 1 962
419.744 6.663 63 1950 1 2512
378.051 6.751 56 1963 1 1342
339.487 5.853 58 1972 1 1362
356.256 11.133 32 1972 1 1321
382.256 12.742 30 1968 3 927
214.308 7.654 28 1970 3 925
654.923 10.915 60 1918 2 913
377.538 4.495 84 1935 3 925
464.667 7.149 65 1957.5 1 2221
502.974 4.79 105 1929 3 925
501.128 6.508 77 1939 1 927
665.795 7.833 85 1996 1 2324
384.923 5.499 70 1929 1 915
222.923 4.743 47 1929 1 916
513.18 6.415 80 1972 2 914
552.462 4.977 111 1954 1 1722
379.795 6.548 58 1962 1 1714
484.974 6.643 73 1973 1 1643
514 7.343 70 1973 1 1643
498.205 5.084 98 1959 1 1714
510 6.711 76 1955 2 1842
285.538 3.614 79 1939 1 816
344.615 3.162 109 1924 1 816
589.282 9.208 64 1918 1 822
795.59 10.2 78 1972 2 532
385.231 6.315 61 1969 1 1013
507.897 7.256 70 1991 1 1013
300.154 3.752 80 1918 1 1014
374.821 4.516 83 1929 1 1025
426.513 8.886 48 1972 1 1013
501.949 7.275 69 1957.5 1 1025
503.231 12.581 40 1964 1 1362
553.538 4.393 126 1957 1 1112
551.538 10.028 55 1957.5 2 273
875.231 6.838 128 1929 1 273
356.256 4.003 89 1980 2 943
407.436 3.704 110 1918 2 813
280.308 10.011 28 1969 2 563
258.923 2.726 95 1918 1 816
507.795 9.068 56 1939 1 621
1334.974 10.113 132 1995 2 1543
929.333 9.782 95 1976 3 1952
732.308 9.154 80 1970 2 1931
290.256 10.366 28 1992 2 1934
434 5.425 80 1973 1 2024
690.359 10.621 65 1965 1 1944
505.026 6.393 79 1991 1 1213
425.538 7.599 56 1988 1 1133
418.615 5.657 74 1929 2 153
342.051 11.034 31 1929 2 360
164.154 3.648 45 1918 1 816
365.949 4.879 75 1959 2 360
384.513 6.409 60 1957.5 2 360
265.846 5.425 49 1959 2 372
459.436 4.549 101 1918 2 360
492.359 6.154 80 1929 2 421
675.641 8.043 84 1918 2 360
466.667 8.046 58 1970 2 2526
275.59 3.242 85 1964 2 2524
452 9.04 50 1957.5 2 2012
376.974 6.08 62 1962 2 2523
355.692 6.84 52 1969 1 2522
197.744 8.988 22 1958 1 2514
498.974 5.802 86 1962 1 2513
168.256 2.804 60 1939 1 1714
345.385 7.349 47 1971 1 1713
186.718 3.89 48 1918 1 1711
799.077 9.513 84 1970 1 1713
130.821 2.67 49 1953 1 1712
446.615 7.7 58 1971 2 1851
537.128 8.393 64 1972 1 1957
355.744 5.647 63 1961 1 1926
698.359 8.216 85 1970 2 1935
304 6.756 45 1972 2 1957
218.718 4.374 50 1965 2 1933
628.154 10.469 60 1992 1 622
222.564 7.419 30 1956 1 624
527.231 6.937 76 1971 1 724
510.256 7.973 64 1972 1 723
241.846 3.061 79 1918 2 522
655.436 4.52 145 1929 2 163
507.128 9.056 56 1957.5 1 522
466.205 4.571 102 1918 2 153
320.769 9.434 34 1971 1 163
478.667 8.703 55 1957.5 1 611
430.615 9.787 44 1984 2 1943
1372.513 8.855 155 1918 2 163
415.026 3.517 118 1918 1 163
362.462 5.105 71 1956 2 152
985.897 6.162 160 1918 2 383
349.538 9.709 36 1959 2 350
584.308 9.275 63 1991 1 714
576.821 6.481 89 1960 2 411
666.667 10.582 63 1957.5 2 426
624.256 8.107 77 1972 1 2314
753.692 8.565 88 1964 1 962
188.513 2.693 70 1957.5 1 914
340.103 5.967 57 1939 1 963
868.359 17.722 49 1988 2 964
307.692 9.324 33 1939 1 963
623.128 7.989 78 1955 1 1363
523.026 6.882 76 1977 1 1363
404.256 5.463 74 1970 1 1402
439.744 6.871 64 1958 1 2132
612.769 11.141 55 1983 1 2221
644.769 9.92 65 1967 1 2514
417.692 7.594 55 1955 1 1123
485.333 8.824 55 1972 2 425
634.461 8.459 75 1973 2 1544
529.846 12.615 42 1983 1 1512
213.333 9.697 22 1970 1 2513
152.462 2.584 59 1952 1 2522
650.667 11.415 57 1972 2 2526
428.051 6.204 69 1963 2 2526
377.744 5.723 66 1963 2 563
417.436 4.394 95 1929 1 1711
911.538 8.44 108 1989 1 563
289.692 4.828 60 1950 1 552
394.462 8.965 44 1973 1 2322
273.436 4.714 58 1930 1 916
254.462 6.059 42 1974 2 914
184.821 3.696 50 1929 2 914
670.872 9.066 74 1959 2 411
686.821 6.604 104 1957 2 414
615.846 10.618 58 1959 2 1261
480.051 5.334 90 1957.5 2 414
583.179 9.257 63 1939 2 411
590.41 9.083 65 1957.5 2 412
705.795 8.822 80 1929 2 914
455.487 8.282 55 1929 2 942
380.667 4.326 88 1929 2 941
345.385 8.223 42 1952 1 1236
1083.795 11.29 96 1918 2 1242
495.077 7.281 68 1972 1 422
1075.641 9.779 110 1939 1 1313
436.051 6.142 71 1918 2 231
633.692 5.868 108 1918 2 231
587.385 10.305 57 1994.5 1 2131
595.539 10.448 57 1972 2 926
543.692 5.91 92 1963 1 2135
322.41 5.285 61 1957.5 2 414
731.949 8.224 89 1973 2 1244
860.103 9.054 95 1991 1 1313
455.795 10.359 44 1968 2 2523
558.513 7.07 79 1957.5 1 2514
675.487 8.888 76 1924 2 926
877.538 5.662 155 1918 3 925
1236.821 11.244 110 1990 1 1375
615.333 8.429 73 1993 1 1714
691.231 9.6 72 1918 2 1852
653.385 7.341 89 1976 1 2113
600.974 8.585 70 1972 1 711
361.128 6.336 57 1963 1 2514
531.538 4.832 110 1965 1 2514
640.051 6.275 102 1959 1 711
232.359 4.225 55 1960 1 2514
593.487 8.359 71 1918 3 924
214.513 4.767 45 1957.5 1 963
505.692 5.813 87 1971 1 1012
776.154 5.106 152 1918 2 913
313.18 3.915 80 1957.5 2 913
335.59 6.215 54 1970 1 2113
619.897 7.749 80 1918 2 232
370.718 5.078 73 1962 2 2524
336.974 6.48 52 1956 1 723
390.359 6.006 65 1957 1 1831
451.692 5.314 85 1972 1 1011
368.154 3.835 96 1936 3 1335
247.179 8.239 30 1957.5 2 411
343.692 3.95 87 1918 2 961
373.487 6.552 57 1962 1 734
599.897 9.998 60 1972 2 1953
280.051 7.001 40 1966 1 1957
406.872 10.172 40 1967 1 1957
358.769 9.441 38 1986 1 1934
549.641 7.047 78 1971 1 422
289.846 9.662 30 1956 1 963
403.59 5.109 79 1929 1 813
230.718 2.814 82 1918 2 942
698.051 8.726 80 1958 2 341
344.513 9.843 35 1953 1 2512
136.667 4.271 32 1972 1 2424
413.18 6.664 62 1971 1 1012
304.821 4.064 75 1956 2 333
202 4.489 45 1929 2 350
644.103 9.201 70 1918 1 612
264.974 9.137 29 1957 1 713
595.949 11.461 52 1961 1 713
718.462 10.412 69 1918 2 961
506.462 6.577 77 1960 1 963
851.18 10.014 85 1992 1 1122
646.974 9.803 66 1981 1 962
556.769 5.155 108 1971 1 942
441.692 6.401 69 1971 1 1012
571.436 6.885 83 1973 1 1015
543.846 11.571 47 1992 2 813
458.051 7.157 64 1959 1 1822
435.59 10.13 43 1972 1 1123
785.333 9.349 84 1988 2 941
143.846 2.026 71 1957.5 2 531
337.744 9.382 36 1968 1 1343
765.385 8.057 95 1980 1 1832
582 5.243 111 1954 1 1722
568.462 5.573 102 1954 1 1722
532.769 9.866 54 1957.5 2 372
516 8.897 58 1936 2 2529
268.103 4.788 56 1918 1 2526
266.256 4.096 65 1929 1 1921
634.461 8.574 74 1984 1 1924
447.333 7.848 57 1986 1 152
437.282 5.466 80 1959 2 2526
224.513 4.318 52 1957 1 331
203.744 4.528 45 1939 1 2528
671.897 11.584 58 1994 1 1342
512.667 4.101 125 1918 2 122
418.103 4.355 96 1957 1 1112
494.41 6.773 73 1965 1 1122
298.308 4.589 65 1918 1 1121
814.564 10.718 76 1983 1 1611
618 9.968 62 1983 1 563
419.18 5.589 75 1957.5 1 1812
266.41 4.44 60 1957.5 2 210
172.154 2.569 67 1918 2 231
686.41 9.152 75 1971 1 2411
501.59 8.36 60 1918 2 531
607.18 6.529 93 1961 2 425
897.077 10.08 89 1954 1 1821
270.513 9.017 30 1959 1 1822
137.949 3.832 36 1918 2 411
779.795 11.301 69 1991 2 2135
871.333 11.936 73 1972 3 925
181.949 2.166 84 1964 1 1371
388.872 6.076 64 1972 1 1957
547.026 9.768 56 1956 2 913
806.615 9.958 81 1918 2 531
445.026 7.543 59 1981 1 2221
597.744 8.078 74 1929 1 422
398.256 5.24 76 1970 1 713
437.436 8.927 49 1918 1 612
382.872 6.837 56 1957.5 2 333
279.026 3.72 75 1957.5 1 273
404.308 7.22 56 1918 1 814
735.231 7.659 96 1967 2 714
239.385 2.52 95 1918 1 816
443.436 9.05 49 1971 1 2021
266.154 7.004 38 1958 1 928
345.949 10.175 34 1984 2 411
414.154 14.281 29 1972 1 2011
201.487 3.415 59 1957.5 1 624
614.205 8.902 69 1965 1 1944
992.872 9.279 107 1972 1 1944
691.795 6.016 115 1955 2 1262
610.667 7.447 82 1984 2 964
665.641 7.831 85 1985 2 1235
438.205 4.869 90 1939 2 412
1170.308 10.639 110 1973 3 1250
418 5.806 72 1970 1 1712
571.59 7.939 72 1972 1 1811
577.18 9.462 61 1937 2 563
399.897 4.877 82 1957.5 2 412
584.564 6.026 97 1939 2 411
476.205 8.071 59 1957 2 414
459.744 8.359 55 1918 2 961
508.513 7.946 64 1918 1 915
412.615 8.09 51 1957 2 210
378.103 4.726 80 1930 1 916
380.41 6.34 60 1956 2 350
319.487 4.915 65 1929 1 261
654.82 5.037 130 1929 1 242
342.718 6.231 55 1918 1 822
570.615 4.755 120 1939 1 251
435.897 8.547 51 1967 1 1133
353.18 6.307 56 1959 1 1132
794.974 8.368 95 1972 2 1243
373.59 4.729 79 1924 3 1852
542.205 7.746 70 1957.5 2 151
964.41 13.211 73 1991 2 153
572.667 7.249 79 1957.5 2 1531
544.82 4.54 120 1929 1 1011
377.949 11.453 33 1977 2 1244
813.795 11.626 70 1991 3 2133
727.333 5.595 130 1957.5 2 411
709.744 8.35 85 1918 2 543
944 10.977 86 1991 1 542
641.692 9.577 67 1918 2 210
411.641 5.146 80 1957.5 2 1543
619.538 10.682 58 1991 2 1541
507.282 9.059 56 1959 2 232
512 7.314 70 1918 2 210
40.513 0.862 47 1918 2 521
728.82 8.098 90 1918 2 711
395.538 5.732 69 1918 1 542
451.231 5.86 77 1972 2 1613
270.308 3.51 77 1918 1 522
514.308 8.572 60 1918 2 242
301.179 5.193 58 1957.5 1 1402
314.359 8.06 39 1957 1 623
519.744 6.338 82 1918 1 623
291.026 5.821 50 1924 1 2222
459.744 6.862 67 1984 1 714
468.718 5.266 89 1971 1 713
412.462 7.499 55 1969 1 612
246.051 4.17 59 1939 1 734
402.974 7.327 55 1969 1 713
400.41 8.008 50 1959 1 713
204.051 3.58 57 1918 1 612
541.538 8.734 62 1962 1 713
746.051 8.383 89 1981 2 1935
604.256 10.071 60 1963 2 563
374.103 10.689 35 1970 1 1713
134.359 3.732 36 1931 1 713
635.539 9.778 65 1929 1 252
451.795 11.584 39 1985 2 332
670.82 8.082 83 1985 1 252
916.718 8.488 108 1918 1 261
215.231 6.943 31 1918 1 822
724.513 9.056 80 1957.5 2 350
439.795 6.468 68 1956 1 1121
494.205 6.589 75 1957.5 2 412
443.18 5.276 84 1973 1 1122
271.128 3.476 78 1957.5 2 350
294.051 5.07 58 1957.5 2 943
407.897 5.745 71 1959 1 951
534.308 10.686 50 1969 1 2523
645.59 10.942 59 1939 3 925
707.128 8.624 82 1959 1 927
344.769 6.63 52 1959 1 1132
366 6.1 60 1957.5 2 941
632.462 7.354 86 1980 2 531
939.282 7.062 133 1961 3 1372
245.282 3.774 65 1954 2 1853
184.769 3.623 51 1918 2 916
495.282 5.003 99 1962 1 951
343.231 10.401 33 1972 1 2522
494.821 5.962 83 1957.5 1 1644
237.59 4.569 52 1924 1 1124
453.59 4.2 108 1955 1 1112
988.974 9.99 99 1991 1 1321
453.949 6.984 65 1918 2 242
335.795 11.193 30 1959 2 360
282.564 5.434 52 1918 1 1401
210.615 4.481 47 1957.5 1 1404
594.718 10.62 56 1984 2 1543
682.205 8.528 80 1980 2 1544
498.154 7.116 70 1965 2 1243
505.026 9.018 56 1984 1 1132
1256.513 13.511 93 1939 2 426
256.615 3.948 65 1957 1 1132
440.667 5.508 80 1972 1 1011
589.385 5.358 110 1929 1 1011
677.897 8.07 84 1957.5 2 1243
322.821 13.451 24 1983 2 426
183.59 3.221 57 1956 2 1242
391.436 4.605 85 1963 2 411
479.641 5.643 85 1967 1 2524
266.872 5.678 47 1972 1 1932
637.487 6.572 97 1971 1 1012
582.923 9.556 61 1970 1 1013
463.026 9.261 50 1967 2 2523
444.41 4.779 93 1953 1 1921
856.051 10.701 80 1939 2 1244
558.974 5.324 105 1929 1 541
857.846 9.532 90 1996 1 552
366.564 8.146 45 1929 1 563
271.282 6.028 45 1939 1 1841
1022.41 16.49 62 1984 2 1852
423.487 6.05 70 1918 2 360
526.923 9.409 56 1929 2 360
501.026 9.824 51 1972 1 422
495.333 9.907 50 1962 2 411
754.974 8.579 88 1983 1 2024
701.897 7.799 90 1924 2 1832
642.718 5.843 110 1962 2 413
422.564 8.451 50 1986 2 1545
269.949 4.285 63 1929 2 942
350.205 4.12 85 1918 1 242
904.564 10.397 87 1924 3 925
356.923 14.872 24 1971 1 961
407.077 6.076 67 1957.5 2 233
233.487 3.243 72 1968 1 2222
429.795 6.14 70 1918 2 210
272.974 3.412 80 1957.5 1 962
428 4.196 102 1930 1 916
332.872 7.397 45 1929 1 915
346.872 4.033 86 1929 2 961
336.872 13.475 25 1965 1 961
465.179 6.372 73 1962 2 2131
379.949 5.757 66 1959 1 1132
580.462 9.362 62 1963 1 1132
324.615 11.194 29 1961 1 1132
186.821 2.708 69 1939 2 425
250.103 4.034 62 1929 1 1132
624.154 6.711 93 1955 1 422
579.744 7.834 74 1938 2 1241
551.949 10.414 53 1996 1 624
219.641 3.661 60 1956 1 711
599.026 10.697 56 1918 1 332
245.385 8.179 30 1957.5 1 251
436.359 4.795 91 1918 1 612
270 3.699 73 1954 2 425
529.795 5.577 95 1971 1 1012
256.872 4.281 60 1965 1 1957
216 3.6 60 1918 2 943
158.564 3.049 52 1986 2 941
570.718 6.272 91 1970 1 1723
649.846 9.418 69 1972 1 963
262.564 7.722 34 1960 1 1363
397.487 5.445 73 1967 1 2524
278.718 5.36 52 1918 2 543
593.744 8.862 67 1958 2 543
275.692 3.404 81 1918 2 541
541.385 10.615 51 1982 1 1646
402.154 4.845 83 1960 1 1812
1232.205 9.937 124 1997 2 231
331.487 8.959 37 1957.5 1 1025
645.539 8.966 72 1970 2 2315
878.308 9.444 93 1972 1 711
557.949 8.718 64 1929 1 1812
451.026 5.638 80 1962 1 963
720.462 6.797 106 1972 2 733
333.128 4.563 73 1968 1 1921
382.154 8.492 45 1992 1 734
398.359 4.742 84 1939 1 734
479.538 5.449 88 1968 1 1942
354.308 9.085 39 1974 1 1922
283.846 7.096 40 1957.5 1 1922
725.128 8.335 87 1963 2 1931
460.308 7.082 65 1963 1 1342
384.051 6.296 61 1960 1 1363
397.744 9.04 44 1991 1 712
338.051 4.226 80 1974 1 2033
365.231 4.806 76 1918 1 612
404.308 4.301 94 1918 2 1261
472.564 6.751 70 1957.5 2 415
156 1.926 81 1972 2 413
331.026 8.947 37 1972 2 426
293.487 9.783 30 1971 2 426
261.641 4.153 63 1918 2 563
415.692 10.939 38 1929 1 563
513.897 7.67 67 1972 1 422
365.795 5.9 62 1957.5 2 350
373.18 4.784 78 1957.5 1 422
512.205 8.681 59 1986 1 1014
610.103 6.041 101 1971 1 1012
487.077 4.775 102 1924 1 1011
321.026 6.552 49 1965 1 1934
455.436 4.217 108 1955 1 1111
221.897 3.263 68 1957 1 1241
727.18 7.06 103 1982 1 422
394.769 5.408 73 1954 2 2526
588.718 8.658 68 1957.5 2 2012
300.667 6.264 48 1965 1 1957
474.359 9.122 52 1972 1 1957
945.846 9.651 98 1973 3 1955
314.205 6.412 49 1972 1 1934
511.231 9.467 54 1969 1 1112
378.051 12.195 31 1972 1 422
229.231 4.877 47 1924 2 1242
557.077 8.192 68 1939 3 964
446.974 5.73 78 1957.5 2 350
457.487 5.258 87 1963 1 1123
418.923 3.915 107 1929 2 1243
523.18 6.707 78 1961 1 1132
632.308 7.439 85 1965 2 1241
419.487 3.884 108 1939 2 231
637.795 7.087 90 1918 1 543
616.308 9.783 63 1992 1 622
268.154 5.587 48 1918 1 521
542.154 8.888 61 1918 2 543
333.436 2.826 118 1918 1 1375
342.821 6.233 55 1934 2 1615
358.41 6.517 55 1962 1 1404
637.231 7.867 81 1969 1 1641
790.923 8.597 92 1918 2 813
448.308 5.401 83 1972 1 2134
271.128 3.432 79 1929 1 2513
278.821 6.196 45 1918 2 383
1181.59 11.253 105 1918 2 153
512.564 13.489 38 1989 2 113
589.231 5.124 115 1918 2 153
197.795 4.395 45 1958 1 1132
314.462 4.368 72 1972 1 1123
542.769 6.539 83 1937 2 1854
465.897 13.311 35 1986 1 1636
612.256 6.583 93 1941 1 734
285.026 4.454 64 1965 1 1944
310.513 5.75 54 1975 1 2024
566.769 9.772 58 1972 1 2421
487.231 6.167 79 1956 1 1832
277.026 5.771 48 1960 1 1363
663.385 8.845 75 1918 2 944
365.744 9.625 38 1959 1 951
285.385 8.394 34 1918 2 943
182.718 4.568 40 1918 1 962
425.231 7.207 59 1918 1 816
339.231 6.058 56 1967 1 1406
348.051 3.481 100 1939 1 522
547.026 7.198 76 1929 1 1812
268.667 8.396 32 1967 1 1812
818.923 8.356 98 1955 1 927
656.872 5.972 110 1918 3 925
458.513 6.947 66 1964 1 1132
531.385 7.38 72 1954 2 961
330.615 3.674 90 1918 2 411
339.744 7.901 43 1965 2 1241
315.282 9.853 32 1957.5 2 1243
338.462 9.67 35 1994.5 1 1924
584.82 6.221 94 1918 2 543
502.718 8.379 60 1929 1 624
504.103 5.794 87 1918 2 413
284.41 3.6 79 1972 1 1321
396.051 5.911 67 1985 2 1346
319.282 4.434 72 1953 2 522
502.154 7.385 68 1979 1 1611
390.359 7.097 55 1929 1 1514
344 5.931 58 1957.5 1 1641
418.769 4.985 84 1918 2 532
651.846 8.929 73 1971 1 1642
334.41 8.8 38 1972 1 422
411.487 4.473 92 1957.5 1 152
512.718 5.893 87 1971 1 1012
304.103 5.529 55 1936 1 2524
311.744 4.213 74 1955 1 963
437.179 4.752 92 1972 1 2514
387.128 9.003 43 1939 2 411
465.538 5.542 84 1962 1 951
578.359 5.073 114 1929 1 914
365.538 9.619 38 1988 1 2524
218.308 3.7 59 1918 1 623
478.821 10.882 44 1939 1 623
314.051 3.02 104 1918 1 623
370.718 6.179 60 1957.5 1 624
455.795 8.287 55 1918 1 623
157.744 2.253 70 1931 1 623
344.923 5.226 66 1965 2 611
339.846 5.962 57 1964 2 711
239.282 9.203 26 1962 1 2135
320.103 9.146 35 1972 1 2131
300.974 7.166 42 1957.5 1 1025
375.231 6.822 55 1918 3 925
418 6.058 69 1965 1 1122
374.615 6.811 55 1971 1 1025
605.385 7.761 78 1955 2 426
818.974 10.237 80 1954 2 426
306.205 10.207 30 1972 2 2134
170.256 3.959 43 1918 1 2526
209.128 2.614 80 1929 1 2513
314 4.618 68 1918 1 1811
579.641 6.44 90 1963 1 1811
808.308 8.786 92 1966 1 1822
625.282 6.38 98 1962 1 1812
397.231 6.733 59 1968 2 1852
591.231 11.825 50 1990 2 1634
352.872 8.206 43 1983 1 1646
357.282 10.208 35 1970 1 2033
487.692 6.252 78 1968 1 1641
291.59 3.314 88 1929 1 822
344.051 6.371 54 1956 1 2513
607.282 8.319 73 1939 2 926
713.282 8.594 83 1935 2 925
364.308 9.587 38 1971 2 426
322.103 7.491 43 1956 2 1812
679.333 9.705 70 1984 2 372
402.872 4.332 93 1918 2 274
460.051 8.519 54 1957.5 2 350
354.564 4.029 88 1934 2 1372
703.897 9.776 72 1972 1 1114
278.615 9.287 30 1973 1 2024
522.462 7.256 72 1972 2 1333
784.769 10.75 73 1972 2 2033
780.513 7.096 110 1983 2 532
295.128 8.943 33 1962 1 1122
597.487 7.469 80 1972 2 350
331.179 4.664 71 1972 1 1132
213.231 2.806 76 1918 2 561
279.333 6.983 40 1962 1 2513
533.282 6.349 84 1970 1 1363
460.513 8.373 55 1962 1 1406
329.795 14.339 23 1973 1 1401
312.41 6.008 52 1968 1 1641
629.385 4.282 147 1918 1 623
659.282 5.733 115 1929 2 913
475.077 8.484 56 1973 1 711
391.282 7.246 54 1962 2 724
292.154 5.512 53 1968 1 1641
805.846 8.308 97 1994.5 1 1406
415.179 5.19 80 1963 1 1402
448.462 7.352 61 1954 1 1821
859.026 11.454 75 1993 2 1407
420.205 8.576 49 1983 2 1642
678.051 10.432 65 1993 1 1312
444.974 5.562 80 1973 1 2024
398.718 7.668 52 1957.5 2 415
462.769 6.17 75 1957.5 2 415
911.231 5.695 160 1918 2 1243
407.949 11.026 37 1959 2 350
293.538 4.587 64 1952 1 1921
236.051 3.934 60 1954 1 734
106.41 3.547 30 1918 2 2025
345.333 4.667 74 1968 1 1921
469.436 10.917 43 1983 1 1924
667.077 12.353 54 1966 1 1541
530.615 6.717 79 1972 2 2033
372.974 5.328 70 1929 1 1924
300.256 9.383 32 1974 1 1921
441.231 4.903 90 1961 1 432
201.231 4.025 50 1918 1 611
865.385 8.654 100 1968 3 1955
794.103 7.941 100 1918 2 153
749.538 7.648 98 1955 1 163
466.513 6.86 68 1973 1 2221
683.897 11.398 60 1994.5 1 2221
530.462 6.315 84 1973 1 2221
414.359 5.919 70 1971 1 2221
408.667 5.449 75 1968 1 2221
259.897 8.962 29 1967 1 711
521.077 4.531 115 1918 1 624
152.359 3.463 44 1924 1 2522
609.487 10.884 56 1979 1 2024
416.41 5.552 75 1957.5 1 623
744.359 9.078 82 1977 2 415
503.128 6.289 80 1960 1 1516
190 3.519 54 1929 1 816
229.026 7.388 31 1959 2 1243
495.59 8.26 60 1918 1 822
641.538 5.728 112 1918 2 1244
378.718 7.89 48 1953 1 1236
233.385 7.779 30 1959 2 133
376.564 4.707 80 1918 1 242
512.974 7.892 65 1929 2 210
452.256 8.868 51 1929 1 1833
499.744 8.47 59 1918 1 563
640.564 9.151 70 1961 1 2528
284.308 8.615 33 1963 1 1621
522.667 7.575 69 1967 1 1934
456.718 7.874 58 1939 2 232
439.385 8.967 49 1918 1 1811
435.846 7.515 58 1939 2 411
531.692 8.18 65 1982 2 731
508.205 7.585 67 1918 3 912
289.846 8.051 36 1970 2 734
425.282 8.339 51 1971 1 734
306.667 4.577 67 1962 2 1832
155.59 2.778 56 1930 2 1615
133.385 4.446 30 1918 2 561
632.872 8.327 76 1918 1 543
280.308 4.004 70 1918 2 372
391.949 4.899 80 1929 1 261
435.026 7.25 60 1968 1 1112
472.974 6.569 72 1965 1 1911
522.564 6.968 75 1974 2 1533
616.051 12.321 50 1989 1 1515
304.051 10.859 28 1974 1 1512
126 1.145 110 1918 2 210
746.821 10.823 69 1997 1 1013
522.051 6.001 87 1971 1 1012
703.128 5.859 120 1957.5 2 412
278.103 5.562 50 1963 1 1122
276.154 6.003 46 1957.5 2 413
362.051 6.705 54 1957 1 1241
367.128 9.178 40 1964 1 424
250.308 4.551 55 1939 2 425
218.462 4.369 50 1957.5 2 350
504.718 7.01 72 1959 1 422
54.923 1.716 32 1961 1 2524
383.282 4.563 84 1972 2 2522
751.949 8.355 90 1971 1 1723
595.897 5.467 109 1918 2 151
305.949 5.099 60 1929 2 383
282.103 4.55 62 1918 1 2526
284.821 5.813 49 1957.5 1 522
350.769 5.481 64 1957 1 2523
515.692 7.162 72 1965 1 2221
512.615 6.927 74 1971 2 2529
383.026 8.705 44 1970 1 2134
314.667 4.995 63 1939 2 2135
595.436 7.939 75 1918 2 2134
299.487 11.979 25 1957.5 2 372
1135.846 9.877 115 1968 3 925
256.41 4.748 54 1950 2 926
551.333 8.354 66 1957.5 1 2526
270.615 5.204 52 1960 2 133
494.103 9.882 50 1929 2 210
311.487 4.867 64 1957.5 2 321
647.59 8.302 78 1984 2 321
324.41 10.814 30 1957.5 2 372
575.897 9.289 62 1984 1 1712
111.231 1.766 63 1938 1 1622
481.333 6.093 79 1968 1 1641
515.333 8.589 60 1983 1 1611
444.564 5.627 79 1918 2 1262
559.436 4.303 130 1957.5 1 282
173.179 4.027 43 1918 2 813
587.128 6.749 87 1957.5 2 412
284.923 4.749 60 1918 1 623
445.949 5.309 84 1968 1 1342
671.641 4.797 140 1918 2 521
173.128 2.372 73 1953 2 360
368.513 5.264 70 1957.5 2 360
442.923 2.953 150 1954 2 381
445.538 3.35 133 1918 2 152
495.282 7.62 65 1960 2 411
417.333 4.968 84 1957 1 1371
440.308 5.645 78 1929 1 1011
616.103 11.848 52 1983 2 1927
815.744 12.948 63 1991 1 623
151.077 2.158 70 1957.5 2 350
398.41 6.64 60 1957.5 2 350
365.333 5.219 70 1918 1 252
691.231 8.64 80 1957.5 2 1241
236.769 4.082 58 1959 2 1242
462.205 5.502 84 1957.5 1 1312
306.462 3.483 88 1957.5 2 1242
452.974 5.393 84 1965 1 1635
360.308 6.798 53 1937 2 1243
348.872 5.451 64 1960 1 1402
372.308 6.419 58 1963 1 1025
443.692 11.092 40 1957.5 1 1022
658.667 8.338 79 1972 1 2322
381.179 6.353 60 1937 1 2524
137.179 3.811 36 1938 1 2222
500.923 9.108 55 1971 2 1654
396.205 9.214 43 1983 1 1641
915.641 9.953 92 1989 1 1313
423.026 5.64 75 1967 1 1342
506.667 10.133 50 1969 1 1406
357.692 5.11 70 1965 1 1833
375.385 5.142 73 1994.5 1 2528
497.128 8.15 61 1961 3 925
601.333 5.727 105 1918 2 531
384.821 5.92 65 1954 2 1372
544.564 7.165 76 1955 1 1371
950.974 10.931 87 1918 2 122
438.308 4.174 105 1957.5 2 210
972.051 11.303 86 1995 2 926
387.385 8.804 44 1995 2 711
312.051 9.456 33 1959 1 1822
175.641 8.782 20 1956 1 1812
489.692 9.794 50 1962 1 1712
430.923 5.746 75 1968 2 922
380.615 6.92 55 1957.5 2 943
137.026 2.246 61 1929 1 1402
524.462 6.244 84 1918 1 543
467.897 7.67 61 1991 1 713
258.41 8.614 30 1971 1 713
244.462 4.289 57 1924 1 713
650.564 8.132 80 1966 1 1345
795.026 10.193 78 1995 2 1544
426.872 5.403 79 1972 1 1345
573.333 8.958 64 1977 2 1931
555.487 7.122 78 1973 2 1952
376.205 5.374 70 1968 1 1942
376.615 6.493 58 1972 1 424
474.974 8.962 53 1931 1 1236
283.18 4.227 67 1939 2 1242
842.205 8.098 104 1984 2 1235
408.872 7.434 55 1918 1 1281
380.82 6.045 63 1956 2 425
237.744 9.144 26 1973 2 734
319.744 5.513 58 1994.5 1 1213
292.564 4.719 62 1960 1 1132
501.897 9.47 53 1983 1 822
508.41 7.477 68 1961 1 1133
495.538 6.979 71 1967 1 1123
218.564 9.503 23 1970 1 1123
223.333 4.752 47 1924 2 2135
529.436 9.128 58 1985 1 2131
234.256 8.676 27 1956 1 1363
449.282 7.615 59 1984 1 1013
461.487 5.993 77 1918 2 532
518.308 8.638 60 1918 2 543
212.718 4.432 48 1918 2 531
148.256 2.647 56 1929 1 551
462 9.24 50 1961 2 411
336.41 6.469 52 1971 1 734
355.846 5.084 70 1962 1 1635
518.615 7.304 71 1962 1 1133
301.641 5.292 57 1939 1 1015
551.846 7.56 73 1959 1 321
385.128 6.757 57 1957.5 2 153
231.077 3.255 71 1956 3 163
318.615 7.965 40 1970 2 2022
424.051 8.315 51 1973 2 2022
572.103 6.086 94 1973 1 2024
352.154 6.288 56 1961 1 713
693.333 5.637 123 1929 2 913
292.154 2.435 120 1918 2 210
456.359 5.498 83 1954 1 1371
360.82 6.939 52 1961 2 531
338.667 5.292 64 1959 2 541
210.923 3.196 66 1918 2 411
306.769 10.226 30 1971 2 411
259.846 2.679 97 1971 2 2515
56.667 1.417 40 1918 2 210
449.641 6.333 71 1962 1 711
534.718 9.219 58 1968 1 2515
448 6.588 68 1959 1 623
243.026 5.401 45 1918 2 914
367.692 5.657 65 1966 2 711
359.333 8.167 44 1972 1 252
349.385 8.735 40 1972 1 712
522.615 5.444 96 1991 2 1541
388.154 7.324 53 1974 2 1541
269.487 4.568 59 1942 1 1375
717.949 9.204 78 1929 2 541
381.949 10.913 35 1957.5 2 1531
578.103 8.759 66 1979 2 231
367.846 4.486 82 1941 1 734
286.308 8.421 34 1974 1 1912
802.359 9.015 89 1984 1 714
310.359 3.527 88 1957.5 1 2121
756 10.5 72 1918 2 961
435.333 6.131 71 1967 1 2221
347.538 4.827 72 1970 1 2011
331.128 5.174 64 1963 1 1406
414.615 8.822 47 1986 1 2024
329.59 7.847 42 1973 1 2024
378.41 6.414 59 1964 2 543
414.769 4.19 99 1918 2 543
581.846 9.091 64 1971 2 413
367.538 6.229 59 1957.5 2 350
281.641 10.832 26 1953 2 360
493.846 8.37 59 1956 1 424
609.385 9.829 62 1983 2 425
615.59 9.053 68 1960 1 1013
270.923 3.429 79 1971 1 1012
626.154 7.636 82 1963 1 1013
415.846 5.01 83 1918 1 532
865.641 8.404 103 1918 2 531
808.769 10.11 80 1982 2 1532
307.487 8.092 38 1983 1 1375
750.769 10.725 70 1918 2 532
860.718 8.607 100 1918 1 532
248.564 3.452 72 1974 1 1015
320.462 5.007 64 1964 1 1026
506.82 7.039 72 1957.5 1 713
394.718 10.668 37 1971 1 1012
147.744 3.694 40 1918 2 541
612.923 8.756 70 1995 1 2234
306.308 7.854 39 1957.5 2 412
398.462 11.385 35 1971 1 432
178.41 4.956 36 1957.5 2 413
576.205 7.294 79 1994.5 1 1112
859.59 8.265 104 1961 1 521
362.205 5.327 68 1957.5 2 383
276.359 7.086 39 1962 2 2526
296.41 6.444 46 1970 1 724
420.769 5.009 84 1973 1 2515
372.615 7.452 50 1960 2 2524
346.974 10.843 32 1972 2 2525
295.179 10.933 27 1957.5 1 2513
709.846 6.453 110 1929 3 912
274.821 4.294 64 1918 2 152
541.949 7.633 71 1968 1 1641
363.385 9.318 39 1918 2 360
522.256 10.88 48 1983 1 1821
619.795 8.264 75 1957.5 2 1853
370.513 11.579 32 1965 3 1854
547.282 7.932 69 1955 1 1712
1060.564 8.838 120 1918 2 152
380.154 6.034 63 1957.5 1 624
463.282 7.472 62 1957.5 2 372
349.949 10.605 33 1972 2 425
647.59 7.444 87 1957.5 2 350
311.077 12.962 24 1960 2 321
323.59 11.557 28 1991 1 1617
235.949 7.15 33 1957.5 1 1641
384.462 6.408 60 1958 1 712
425.026 7.084 60 1957.5 2 563
670.718 10.319 65 1983 1 1912
366.667 4.889 75 1918 2 531
912.205 8.525 107 1994.5 1 1406
343.538 10.104 34 1957.5 1 915
289.333 3.963 73 1962 1 1712
308.769 9.081 34 1968 1 927
532.462 7.607 70 1957.5 1 1312
339.026 11.301 30 1918 2 541
484.41 7.34 66 1951 1 1855
505.897 12.045 42 1991 1 623
605.282 5.934 102 1970 1 2033
370 4.353 85 1929 2 1243
427.436 6.106 70 1963 1 1133
408.308 6.186 66 1963 1 421
438.41 5.282 83 1972 2 913
316.308 9.585 33 1972 1 1321
403.641 10.091 40 1995 1 2314
660.923 7.868 84 1983 2 2523
327.436 3.945 83 1994.5 1 2514
458.564 4.367 105 1961 1 1402
738.462 10.86 68 1959 2 220
262.308 6.1 43 1994.5 2 125
422.872 12.082 35 1994.5 2 321
333.897 3.15 106 1924 1 816
280.615 5.502 51 1972 1 711
651.128 10.174 64 1981 2 711
233.744 5.565 42 1957 1 282
762.205 6.352 120 1918 2 273
160.359 3.818 42 1938 1 1921
217.692 4.443 49 1957.5 2 943
520 7.879 66 1968 2 1853
529.231 9.622 55 1968 2 917
248.615 3.885 64 1957.5 1 623
427.538 7.126 60 1957.5 2 372
403.641 6.21 65 1963 1 1013
211.59 3.255 65 1957.5 1 1832
372.974 8.477 44 1972 2 1333
350.667 12.988 27 1983 1 1831
383.385 7.373 52 1958 1 1714
553.744 7.586 73 1918 1 563
61.538 0.416 148 1918 2 152
740.051 7.401 100 1970 3 1854
91.026 2.069 44 1955 1 1712
361.128 6.019 60 1957.5 2 231
307.795 4.964 62 1972 2 220
806.821 8.965 90 1961 1 1402
496.718 4.038 123 1929 1 816
419.692 6.172 68 1963 2 2033
244 3.486 70 1956 2 2524
664.308 8.304 80 1968 1 1641
450.051 5.358 84 1967 1 2221
652.103 7.763 84 1929 2 350
397.692 10.197 39 1960 1 422
537.18 7.068 76 1957.5 2 411
662.359 8.831 75 1955 2 411
443.231 7.776 57 1981 1 1012
617.026 9.952 62 1957.5 2 350
469.282 12.683 37 1957.5 1 323
701.641 12.993 54 1991 1 723
486.872 9.737 50 1984 2 321
293.231 9.774 30 1939 1 332
528.718 7.447 71 1929 1 816
347.385 7.237 48 1939 1 822
857.795 9.748 88 1991 1 281
671.641 5.692 118 1918 1 623
325.282 8.791 37 1953 2 360
344.564 9.845 35 1972 2 411
183.231 3.393 54 1960 1 1013
402.256 6.004 67 1972 1 422
288.923 6.879 42 1963 2 543
359.333 6.654 54 1983 1 1822
231.846 7.728 30 1929 1 1811
619.949 5.391 115 1991 1 1313
550.82 10.2 54 1918 2 942
466.103 8.177 57 1963 1 2514
595.641 14.891 40 1991 2 930
299.385 8.805 34 1929 1 813
287.026 7.36 39 1958 1 963
675.641 9.936 68 1961 1 1134
423.949 7.186 59 1954 1 1132
187.385 5.354 35 1957.5 2 413
367.333 10.204 36 1972 2 431
585.077 5.97 98 1996 1 2142
937.795 8.931 105 1980 1 2146
420 4.421 95 1957.5 1 563
602.974 6.7 90 1918 2 532
578.718 8.038 72 1963 2 210
248.667 8.575 29 1969 2 1263
523.538 6.981 75 1975 2 2148
383.949 7.11 54 1969 1 1912
415.744 11.878 35 1970 1 1122
492.103 8.633 57 1959 2 360
177.333 2.015 88 1918 2 543
449.897 4.89 92 1918 1 543
415.333 7.691 54 1972 1 1132
274.513 5.49 50 1970 1 1123
768.974 8.942 86 1994 1 1711
436.308 9.485 46 1991 1 1313
425.231 9.45 45 1996 1 1013
133.333 3.419 39 1986 1 1014
319.538 11.019 29 1971 2 2522
506.308 9.041 56 1996 1 2142
521.333 10.222 51 1961 1 1132
353.795 7.076 50 1918 2 411
541.282 6.94 78 1957.5 2 415
346.103 6.922 50 1918 1 914
384.103 5.262 73 1957.5 2 961
518.564 9.784 53 1988 1 1841
320 6.275 51 1962 1 1123
165.077 3.93 42 1958 2 413
393.333 5.619 70 1959 1 1714
246.769 8.226 30 1983 1 1912
243.795 7.17 34 1962 1 421
371.282 4.885 76 1918 1 623
549.59 7.427 74 1985 1 252
728.82 9.344 78 1954 1 331
376.564 3.882 97 1957.5 2 333
630.923 11.266 56 1918 1 816
391.179 5.359 73 1918 1 822
300.718 3.457 87 1918 2 372
381.795 7.636 50 1958 2 333
741.282 6.801 109 1929 1 282
190.974 2.728 70 1918 1 822
545.282 7.79 70 1957.5 1 822
589.795 8.192 72 1954 2 1543
533.641 7.848 68 1965 1 1957
541.744 7.321 74 1983 1 1942
272.359 11.842 23 1961 1 1831
121.641 2.062 59 1929 1 1832
260.41 7.891 33 1963 1 1711
303.692 4.821 63 1938 1 1713
402.103 6.933 58 1970 1 822
388.513 4.981 78 1918 1 822
758.513 7.74 98 1959 2 1545
261.282 3.629 72 1982 1 1401
366.513 5.236 70 1972 2 1613
469.897 9.998 47 1981 2 563
353.077 11.769 30 1972 2 414
389.282 4.928 79 1957.5 2 414
368.564 6.825 54 1972 2 414
402.564 6.008 67 1929 2 350
655.333 8.856 74 1957.5 2 350
600.051 8.22 73 1977 1 1911
387.077 14.336 27 1972 2 563
384.769 6.871 56 1964 1 1404
386 8.042 48 1957 1 1363
800.769 12.32 65 1918 3 2112
885.692 6.71 132 1929 2 1243
445.333 9.278 48 1950 2 1343
325.231 6.637 49 1972 1 1957
788.769 7.658 103 1968 2 1958
291.949 9.123 32 1971 1 1713
566.615 8.853 64 1984 2 350
391.846 6.123 64 1972 1 2421
211.846 8.148 26 1962 1 1013
267.897 4.186 64 1971 1 1013
1175.333 13.206 89 1983 1 252
594.154 8.488 70 1959 1 282
265.282 9.474 28 1958 1 811
321.846 8.47 38 1956 1 1027
487.538 9.376 52 1986 2 964
512.718 7.768 66 1983 1 1312
583.487 6.142 95 1955 2 1262
409.385 6.203 66 1972 1 1321
190.718 2.725 70 1918 2 531
380.462 10.87 35 1984 1 1615
261.487 7.924 33 1962 1 1241
960.205 10.107 95 1918 2 413
696.41 9.949 70 1957.5 2 162
680.308 7.237 94 1979 1 1957
519.282 11.049 47 1990 2 964
384.154 4.743 81 1973 1 2024
342.821 4.395 78 1968 1 1942
571.846 9.859 58 1980 1 1914
621.795 8.883 70 1968 1 711
436.923 7.533 58 1963 1 422
369.795 9.019 41 1970 1 1375
480.308 6.404 75 1960 2 532
498.974 9.24 54 1983 2 1372
1843.385 12.713 145 1918 2 232
440.462 5.122 86 1954 1 1363
670.769 6.708 100 1918 2 231
670.205 12.411 54 1993 1 2114
754.615 9.929 76 1991 2 1653
313.282 10.443 30 1983 2 961
280.051 7.181 39 1918 2 531
360.718 5.01 72 1957.5 2 413
367.59 4.967 74 1957.5 2 411
527.282 6.131 86 1966 1 2221
455.333 4.553 100 1957.5 2 531
360.462 5.632 64 1957.5 1 623
446.872 5.804 77 1918 1 623
474.256 6.24 76 1968 1 1641
229.641 8.505 27 1960 2 951
303.538 4.158 73 1964 1 1123
267.436 3.992 67 1957.5 2 321
562.308 5.623 100 1918 1 273
312.462 5.04 62 1972 2 964
330 6.111 54 1960 1 1811
275.641 9.188 30 1970 1 1013
953.846 10.482 91 1985 2 926
312.154 3.951 79 1918 1 542
453.538 8.099 56 1970 1 1851
353.949 9.566 37 1972 1 1124
541.18 7.731 70 1989 2 1957
452.051 6.955 65 1918 1 623
487.59 7.17 68 1957.5 2 350
421.333 5.472 77 1957.5 2 350
785.436 8.182 96 1918 2 350
1021.385 8.512 120 1924 2 512
217.436 3.815 57 1918 1 552
419.641 4.114 102 1918 1 1832
238 4.103 58 1969 1 1617
260.462 5.209 50 1957.5 2 1852
296.82 6.058 49 1969 1 1712
417.026 5.148 81 1970 1 1723
334.513 11.947 28 1972 2 1723
462.564 7.116 65 1918 2 543
740.769 10.582 70 1985 3 1955
589.795 8.079 73 1934 2 1853
269.795 5.995 45 1933 1 1641
301.231 5.021 60 1929 2 425
251.846 5.597 45 1984 1 1713
776.359 7.764 100 1918 2 1263
565.077 10.091 56 1992 1 622
211.026 4.221 50 1954 2 1242
720.308 11.255 64 1918 3 911
367.026 6.925 53 1972 1 1913
655.744 8.197 80 1918 2 914
501.897 5.836 86 1957.5 1 2514
368.308 10.523 35 1971 2 916
578.41 7.23 80 1976 2 1408
361.897 9.047 40 1929 1 816
357.385 4.765 75 1957.5 2 372
396.205 4.307 92 1957.5 2 210
594 9.581 62 1957.5 2 411
368.051 4.382 84 1974 1 1402
324.923 5.241 62 1939 2 350
204.051 1.417 144 1918 1 1711
471.744 10.483 45 1984 2 162
309.59 5.16 60 1918 1 623
292.462 4.499 65 1957.5 2 426
460.308 6.057 76 1929 2 360
454.256 6.989 65 1929 2 372
286.103 6.358 45 1960 2 1613
814.872 8.149 100 1960 2 113
304.205 5.85 52 1960 1 2131
897.744 9.55 94 1972 1 322
458.769 7.91 58 1959 1 1833
191.436 6.381 30 1958 1 1712
451.59 6.451 70 1918 2 541
338.667 8.063 42 1958 1 1841
718.769 7.986 90 1959 1 1833
509.18 11.069 46 1985 1 1934
612.103 8.744 70 1967 1 612
269.333 8.978 30 1972 2 942
541.282 7.733 70 1957.5 1 711
796.103 8.653 92 1918 1 822
405.641 7.801 52 1959 1 1833
669.18 10.793 62 1967 1 1713
366.462 5.389 68 1970 2 1933
361.59 8.035 45 1937 1 1622
472.872 7.627 62 1957.5 1 623
257.026 5.712 45 1956 1 713
357.897 4.114 87 1929 2 350
542.667 9.356 58 1957.5 2 153
498.718 5.937 84 1958 1 422
668.103 6.817 98 1988 2 1934
667.385 9.534 70 1995 1 2424
554.359 6.679 83 1968 1 1942
349.641 4.995 70 1970 1 1406
1072.308 9.574 112 1918 2 360
405.949 6.999 58 1918 1 814
308.359 10.279 30 1969 1 1621
390.256 5.346 73 1918 1 1711
246.615 4.18 59 1918 2 153
345.128 5.567 62 1962 1 713
271.179 4.047 67 1939 2 425
385.949 6.771 57 1959 2 232
591.436 6.721 88 1957.5 1 2221
308.513 4.746 65 1918 2 220
384.462 3.769 102 1918 1 552
242.564 3.79 64 1929 1 915
278.821 7.966 35 1974 1 915
412.205 6.342 65 1971 1 1713
543.231 8.488 64 1972 1 1404
336.051 8.196 41 1972 1 1406
320.359 8.009 40 1957.5 1 2135
401.231 7.165 56 1958 2 341
391.282 6.114 64 1918 1 962
564.205 5.129 110 1918 1 564
848.769 8.841 96 1991 1 1635
325.897 7.407 44 1963 2 231
132.769 4.023 33 1960 1 951
704.718 9.035 78 1981 1 563
347.795 5.797 60 1961 1 432
487.333 6.769 72 1958 1 1375
768.718 10.982 70 1983 1 1721
319.897 8.418 38 1971 1 1912
512.974 9.16 56 1972 1 1617
410.051 11.716 35 1976 1 565
396 12 33 1972 2 942
719.949 7.199 100 1983 2 1951
240.256 8.581 28 1939 1 2414
443.385 7.515 59 1918 2 914
271.897 5.035 54 1937 1 732
252.718 7.433 34 1957 1 424
505.641 9.193 55 1984 2 1842
247.949 3.593 69 1939 1 522
686.256 11.438 60 1991 1 1721
242.718 7.83 31 1970 2 220
431.179 5.458 79 1962 1 1821
224.923 4.325 52 1929 1 611
945.333 10.866 87 1991 1 542
1008.308 9.166 110 1929 2 914
473.795 5.922 80 1969 1 1642
497.333 6.459 77 1918 1 251
534.154 7.523 71 1969 2 2526
359.436 5.53 65 1957.5 1 2325
489.795 7.775 63 1971 1 2325
465.333 7.159 65 1962 2 1951
312.769 3.595 87 1989 3 1952
402.667 9.364 43 1918 1 1811
533.538 6.754 79 1975 2 563
239.026 4.98 48 1918 2 913
574.051 9.411 61 1972 1 1934
488.974 5.433 90 1918 2 414
529.692 6.97 76 1937 2 1241
229.538 4.027 57 1918 2 242
450.513 5.006 90 1955 2 426
426.462 5.398 79 1957 1 963
421.333 4.58 92 1955 1 1112
304.821 3.81 80 1955 1 1111
312.564 3.907 80 1918 1 814
607.795 8.683 70 1918 1 822
283.949 4.813 59 1938 1 1714
292.154 5.312 55 1955 1 424
232.205 5.664 41 1951 2 1244
309.846 5.533 56 1954 2 413
655.59 9.366 70 1972 1 1712
518.154 5.888 88 1959 1 1713
556.718 6.473 86 1970 1 713
477.436 8.376 57 1957.5 2 531
540.82 7.953 68 1981 2 373
294.103 5.252 56 1924 1 1812
503.18 7.741 65 1983 1 1646
498.821 6.563 76 1983 2 1543
590.769 8.951 66 1967 1 1361
382.308 8.311 46 1957.5 1 1312
468.564 8.677 54 1957.5 2 563
342.718 5.04 68 1961 1 1013
570.513 7.314 78 1962 1 432
366.923 6.015 61 1957.5 2 413
626.154 7.926 79 1963 1 422
160.359 4.716 34 1957.5 2 350
177.897 5.559 32 1960 2 360
479.436 7.051 68 1973 1 2147
462.615 3.304 140 1939 2 415
478.923 8.869 54 1983 1 2113
347.949 4.349 80 1960 1 522
746.308 10.223 73 1981 2 923
540.769 10.815 50 1993 1 2131
524.41 10.283 51 1989 1 252
270.103 7.717 35 1972 1 261
763.436 7.952 96 1970 2 2144
547.846 8.56 64 1924 2 413
396.923 6.615 60 1965 1 1404
541.385 11.519 47 1971 1 1617
419.795 5.382 78 1967 1 1957
318.564 4.425 72 1918 3 1952
476.359 7.005 68 1918 1 1811
570.872 10.015 57 1958 1 563
505.436 6.48 78 1918 1 1811
653.692 8.381 78 1982 1 813
398.872 6.136 65 1957.5 1 563
347.333 8.27 42 1939 2 210
384.513 7.394 52 1966 2 113
426.923 6.999 61 1957.5 2 372
578.615 7.715 75 1958 2 371
538.564 5.229 103 1949 1 323
704.051 9.387 75 1957.5 2 350
366.051 8.513 43 1939 1 1401
382.769 13.67 28 1962 1 927
258.718 8.085 32 1960 1 1811
487.795 5.36 91 1960 1 963
131.897 2.748 48 1956 1 2522
543.744 7.155 76 1937 1 1942
457.846 5.583 82 1962 1 1821
272.821 2.218 123 1918 2 1812
329.897 6.598 50 1969 1 1342
1061.59 10.833 98 1929 2 411
845.333 7.685 110 1939 2 413
326.308 4.183 78 1968 2 732
567.641 6.17 92 1918 1 2322
102.718 1.467 70 1929 1 1911
406.615 7.011 58 1937 2 732
274.462 3.611 76 1924 1 1713
727.333 8.763 83 1991 1 1712
379.231 5.125 74 1918 2 531
443.436 6.159 72 1918 1 951
652.205 9.186 71 1986 2 714
660.718 10.657 62 1996 2 232
565.897 8.842 64 1931 2 1243
481.231 5.941 81 1959 2 1241
567.436 6.676 85 1929 2 1243
474.256 3.952 120 1918 2 411
365.538 4.3 85 1939 2 426
472.256 5.622 84 1967 1 2221
246.154 4.734 52 1972 1 1132
642.615 6.062 106 1939 2 413
476.103 6.613 72 1955 1 422
397.846 7.507 53 1984 1 714
532.462 11.093 48 1962 2 2528
184.154 3.611 51 1955 1 963
373.538 7.471 50 1982 1 734
395.641 8.243 48 1957.5 1 331
380.615 4.586 83 1959 1 1812
463.487 9.27 50 1986 1 1712
960.154 11.165 86 1994 2 2032
588.974 6.402 92 1918 1 252
390.769 4.029 97 1971 2 2515
270.872 6.019 45 1972 1 424
332.769 8.994 37 1953 1 1236
1029.179 10.949 94 1972 2 425
467.385 5.311 88 1939 1 1714
423.282 11.139 38 1972 2 1244
820.615 7.46 110 1918 2 1244
495.128 9.169 54 1991 1 1712
220.41 2.37 93 1918 2 153
622.82 9.296 67 1929 2 914
418.103 6.432 65 1959 1 1132
430.308 6.724 64 1963 1 611
712.359 5.699 125 1929 2 913
521.282 6.436 81 1971 2 1954
387.128 7.901 49 1960 1 422
1168 12.167 96 1986 2 1371
264.974 3.154 84 1939 1 1013
272.667 3.285 83 1957.5 1 422
586.667 5.535 106 1959 1 723
362.359 6.039 60 1967 1 1942
579.282 8.912 65 1972 1 1944
485.59 5.646 86 1973 1 2024
450.769 5.497 82 1959 2 1842
498 8.3 60 1955 1 927
203.436 4.731 43 1954 1 1612
810.82 8.719 93 1957.5 1 1361
307.179 2.793 110 1918 2 1354
245.282 7.433 33 1918 2 152
230.359 5.235 44 1957.5 1 1712
343.641 3.735 92 1957.5 2 333
528.103 6.685 79 1978 1 2025
513.949 8.861 58 1918 2 942
572.769 9.238 62 1957.5 1 962
316.359 5.969 53 1960 2 951
476.359 9.527 50 1964 1 1712
486.205 5.858 83 1961 1 723
753.179 9.415 80 1983 1 1124
250.564 6.425 39 1939 1 1924
383.231 10.949 35 1929 2 321
510.667 6.228 82 1971 1 713
336 3.775 89 1957.5 2 1375
374.769 4.685 80 1941 1 734
345.59 5.4 64 1960 1 1402
646.872 11.349 57 1960 1 1822
307.846 3.078 100 1924 2 521
451.846 4.911 92 1958 2 561
286.103 2.725 105 1982 2 1832
334.769 9.565 35 1957.5 2 942
446.718 6.98 64 1970 1 1375
726.769 9.318 78 1994.5 1 1406
99.231 2.363 42 1939 2 964
460.769 4.608 100 1918 1 1713
370.667 6.391 58 1960 1 1713
296.667 10.23 29 1957.5 1 1711
745.744 7.24 103 1939 1 1912
559.026 4.904 114 1918 2 532
437.59 11.827 37 1971 2 1854
471.641 7.369 64 1965 1 1944
250.103 3.573 70 1918 2 412
517.026 5.119 101 1929 1 1011
620.308 8.99 69 1939 2 914
285.026 2.639 108 1918 1 1375
589.949 8.309 71 1968 2 1333
266.615 5.03 53 1982 2 411
358.564 5.122 70 1967 1 1341
253.538 7.683 33 1956 2 532
265.897 5.318 50 1957.5 2 916
465.385 9.308 50 1957.5 2 113
512.359 4.974 103 1930 1 1404
432.718 7.868 55 1918 1 623
600.103 7.596 79 1957.5 1 563
941.692 6.45 146 1979 1 1611
362.615 4.835 75 1940 1 2525
568.103 6.928 82 1973 2 711
749.231 8.144 92 1973 1 713
425.385 8.508 50 1957.5 2 153
684.667 8.249 83 1972 1 1911
366.462 6.318 58 1972 1 1831
599.949 7.316 82 1984 1 1634
431.795 6.35 68 1965 1 1944
383.59 5.48 70 1957.5 1 1811
474 3.95 120 1918 2 511
224.154 5.604 40 1957.5 1 623
255.128 9.112 28 1963 1 711
417.641 5.287 79 1970 2 713
451.179 10.026 45 1957.5 2 412
636.41 6.364 100 1971 2 1852
237.026 4.31 55 1972 1 1932
313.436 5.804 54 1962 1 1933
458.872 6.849 67 1963 1 1712
786.821 9.257 85 1994.5 1 2514
459.744 7.073 65 1918 2 913
552.462 9.525 58 1986 1 623
738.256 9.714 76 1992 1 1406
374.718 6.691 56 1957.5 2 1943
792.256 11.318 70 1989 2 2025
495.179 9.523 52 1972 1 1927
374.462 5.761 65 1962 1 1404
430.462 6.33 68 1964 1 1402
817.436 9.083 90 1979 1 1401
676.872 10.576 64 1957 1 1711
291.795 11.223 26 1972 2 350
567.128 14.542 39 1983 2 531
262.615 5.471 48 1932 1 1812
678.308 9.69 70 1991 1 1911
345.641 9.875 35 1995 1 623
494.821 6.969 71 1918 1 563
328.821 3.78 87 1957.5 2 125
378.308 9.955 38 1957.5 1 1617
1208.051 11.961 101 1980 2 411
646 8.282 78 1957 1 713
275.385 3.094 89 1930 1 816
366.359 6.317 58 1938 1 1213
395.744 4.602 86 1957 1 424
577.641 9.791 59 1994 1 2149
382.513 5.977 64 1935 1 2524
597.795 6.293 95 1918 2 372
400.769 6.262 64 1918 1 163
205.231 5.701 36 1955 2 411
300.667 2.733 110 1918 2 1243
283.949 10.141 28 1929 2 412
265.333 4.575 58 1918 2 1243
208.462 2.978 70 1918 2 914
518.205 8.637 60 1959 2 210
428.051 12.59 34 1957 2 1243
876.154 10.952 80 1924 2 414
373.641 10.098 37 1929 2 412
313.18 4.606 68 1957.5 2 415
515.436 6.608 78 1980 2 350
94.051 2.045 46 1918 1 1921
266.462 6.832 39 1968 1 1921
378.256 5.182 73 1968 1 1921
352.051 5.416 65 1959 1 1371
505.231 7.43 68 1918 2 372
310.667 4.142 75 1961 1 1013
270.051 6.587 41 1957.5 2 531
464.872 5.534 84 1991 1 1713
314.667 5.333 59 1957.5 1 1402
257.641 4.294 60 1956 1 711
641.487 9.434 68 1979 1 1401
276.667 5.321 52 1960 2 561
485.897 7.252 67 1939 2 941
391.385 6.989 56 1955 1 1713
615.077 12.302 50 1972 1 1236
532.923 9.188 58 1984 1 2024
447.692 5.206 86 1962 1 734
301.692 9.732 31 1972 1 816
718.103 9.206 78 1955 1 1371
576.103 10.107 57 1972 2 425
286.051 2.424 118 1918 1 822
539.231 4.947 109 1918 1 612
245.231 3.503 70 1918 2 914
538.462 6.567 82 1985 1 1346
535.077 7.134 75 1971 1 1643
631.18 7.426 85 1957.5 1 612
308.462 4.059 76 1918 2 532
581.436 12.371 47 1983 1 422
412.564 4.911 84 1918 1 432
483.949 9.489 51 1956 2 563
225.282 4.172 54 1957.5 2 941
518.462 3.988 130 1918 1 1831
502 11.674 43 1972 1 1812
395.385 5.73 69 1957 1 1621
568.154 5.682 100 1972 1 1342
631.128 7.339 86 1983 1 1541
486.308 5.59 87 1968 1 1942
325.077 3.351 97 1918 2 925
259.231 4.181 62 1955 1 2523
649.385 6.908 94 1971 1 1012
359.385 9.983 36 1966 1 2421
517.692 10.785 48 1985 1 2421
239.282 2.782 86 1960 1 2421
267.385 9.549 28 1968 1 1112
706.205 8.407 84 1981 1 1133
247.795 3.304 75 1918 2 360
663.436 9.902 67 1991 2 162
367.744 5.658 65 1957.5 1 711
375.128 7.656 49 1983 1 1832
261.949 6.893 38 1918 1 1713
341.846 5.102 67 1936 2 943
105.744 2.783 38 1957.5 1 811
852.667 10.658 80 1972 3 1331
968.82 7.452 130 1929 2 331
446.667 5.956 75 1957.5 1 1516
875.026 8.579 102 1918 2 360
661.744 8.377 79 1986 1 1921
468.923 9.018 52 1929 1 543
329.282 6.098 54 1966 1 1955
325.59 9.044 36 1967 1 1934
284.718 7.493 38 1957.5 2 942
578.667 9.977 58 1957.5 2 941
592.462 6.511 91 1979 1 1611
848.923 7.86 108 1994.5 1 2513
565.128 9.744 58 1983 2 2529
283.897 4.895 58 1954 1 2524
322.256 4.739 68 1960 1 623
364.872 5.068 72 1968 1 1321
344.462 9.842 35 1972 2 943
661.846 6.685 99 1939 2 914
183.59 2.623 70 1918 2 913
274.974 7.236 38 1970 1 2033
575.744 4.838 119 1939 2 531
342.103 7.602 45 1971 1 2221
141.231 1.642 86 1929 1 1812
613.795 6.138 100 1983 1 1342
388.667 6.819 57 1955 1 963
283.333 9.444 30 1972 2 914
768.462 10.385 74 1986 2 2035
504.154 9.885 51 1989 1 1636
508.821 8.773 58 1918 2 426
1551.18 9.695 160 1918 2 251
350.615 6.261 56 1918 1 816
307.487 13.369 23 1969 2 372
422 5.342 79 1991 2 1634
481.077 8.294 58 1958 1 1926
561.077 6.234 90 1962 1 1122
815.59 7.622 107 1972 3 911
550 11 50 1991 2 930
226.615 7.554 30 1965 1 1934
347.077 7.888 44 1985 1 1346
629.538 6.558 96 1979 1 2024
329.846 6.872 48 1939 2 210
396.308 13.21 30 1959 2 512
400.103 6.252 64 1973 2 331
283.692 5.066 56 1957.5 2 231
279.026 5.813 48 1939 1 1011
325.128 5.244 62 1939 1 916
293.795 3.816 77 1918 2 414
449.18 4.679 96 1918 2 414
525.539 6.488 81 1957.5 1 2135
308.821 5.939 52 1957.5 1 1911
242.051 8.068 30 1957.5 2 1263
364.718 9.857 37 1974 1 915
405.077 8.102 50 1929 3 1263
808.41 6.851 118 1924 2 1853
590.718 8.204 72 1996 1 1513
537.282 7.261 74 1939 1 1401
587.282 6.829 86 1963 1 1342
558.205 8.86 63 1982 1 1646
448.103 4.818 93 1971 2 1934
372.051 8.652 43 1984 1 1912
302.154 7.554 40 1938 2 1954
883.487 9.3 95 1970 3 1955
604.359 3.777 160 1918 2 1263
424.923 7.588 56 1967 1 1013
354.051 6.437 55 1958 1 1713
404.256 11.229 36 1972 2 312
169.897 6.292 27 1972 2 2134
439.538 7.578 58 1957.5 2 2134
646.769 10.106 64 1995 2 711
431.077 7.185 60 1976 1 1644
336.718 6.013 56 1964 2 2133
431.897 9.189 47 1983 1 611
259.538 4.326 60 1918 1 1911
592.872 6.661 89 1962 2 415
865.949 11.546 75 1982 2 1532
649.744 7.555 86 1970 1 713
364.923 4.866 75 1962 1 711
305.385 3.393 90 1918 1 2135
1163.487 10.117 115 1955 3 912
593.487 9.131 65 1918 1 261
407.487 11.013 37 1991 1 1712
430.718 7.691 56 1983 2 1541
348.821 6.46 54 1983 2 1541
703.026 8.369 84 1970 2 1541
574.103 6.379 90 1970 1 1022
389.59 10.529 37 1971 1 1012
357.128 5.669 63 1964 1 1013
511.282 9.13 56 1984 2 321
529.333 8.271 64 1961 1 1942
665.795 8.22 81 1968 1 1942
489.59 6.442 76 1939 1 2414
618.513 7.93 78 1994.5 1 1402
595.846 7.356 81 1985 1 1341
356.103 9.371 38 1958 1 1822
577.487 8.619 67 1967 1 2514
556.41 5.509 101 1929 2 914
326.154 12.544 26 1960 1 1241
658.205 9.824 67 1991 1 1361
671.077 8.715 77 1959 2 2145
390.718 6.855 57 1972 2 711
661.18 9.183 72 1972 1 2213
429.282 11.297 38 1972 2 1238
544.154 8.002 68 1957.5 1 2135
410.308 5.194 79 1989 1 2131
450.718 5.008 90 1989 1 2131
424.718 6.534 65 1968 1 1641
389.641 5.647 69 1956 2 926
197.949 2.828 70 1956 1 2513
273.18 8.278 33 1939 1 252
285.846 4.928 58 1955 1 1375
250.615 4.82 52 1959 1 1713
696.154 8.812 79 1973 2 1334
403.641 9.845 41 1986 1 2526
864.41 8.232 105 1969 3 1853
274.308 6.858 40 1972 1 1406
402.821 5.838 69 1983 2 711
422.821 3.524 120 1918 1 124
540.154 4.427 122 1918 1 261
675.333 7.762 87 1980 1 261
523.077 8.303 63 1918 1 1711
258.513 3.977 65 1929 2 961
205.231 1.866 110 1929 3 911
368.564 10.84 34 1961 2 2135
460 7.188 64 1963 1 611
521.692 7.246 72 1972 2 321
860.308 9.152 94 1982 1 611
409.897 4.658 88 1955 2 522
285.641 8.161 35 1971 1 963
643.744 9.904 65 1972 2 611
255.487 2.747 93 1918 1 624
424.462 5.815 73 1957.5 1 252
644.974 10.403 62 1972 1 1646
441.59 5.735 77 1969 1 1133
476.769 7.946 60 1961 2 231
299.436 6.509 46 1957.5 1 522
732.256 10.17 72 1918 2 531
456.256 11.699 39 1957.5 2 153
311.487 10.383 30 1968 1 1921
429.846 9.552 45 1992 2 930
157.231 2.711 58 1929 2 232
670.615 10.478 64 1991 2 1408
359.436 4.493 80 1970 1 724
416.769 9.692 43 1957.5 2 350
308 8.8 35 1959 2 926
322.154 8.478 38 1959 1 624
265.59 5.42 49 1963 1 623
231.949 3.741 62 1972 1 432
501.59 7.962 63 1957.5 2 350
697.846 6.231 112 1918 2 360
444.359 7.935 56 1969 1 2522
664.308 7.381 90 1956 1 2524
497.487 8.432 59 1958 2 913
323.026 6.873 47 1967 1 2221
197.692 3.53 56 1929 1 822
457.128 7.033 65 1961 2 231
281.846 2.967 95 1959 2 333
482.667 7.426 65 1960 1 1132
745.077 7.451 100 1985 1 1236
377.59 5.553 68 1939 1 822
480.872 9.073 53 1957.5 2 231
322.872 8.726 37 1966 2 210
227.795 3.12 73 1972 1 822
620.359 7.754 80 1957.5 2 321
223.641 3.494 64 1934 2 1372
621.18 9.271 67 1961 2 532
379.949 7.599 50 1958 2 1347
341.333 10.039 34 1972 1 1714
351.179 6.503 54 1929 2 563
566.667 10.897 52 1929 2 210
606.974 9.338 65 1994 1 1712
226.718 5.966 38 1958 1 1375
174.821 2.963 59 1929 1 372
646.821 5.39 120 1939 3 2133
577.744 5.45 106 1954 1 1921
490.256 7.317 67 1957.5 1 163
275.333 6.883 40 1965 1 1404
589.128 8.926 66 1959 1 1712
795.077 11.358 70 1989 1 1636
287.487 9.583 30 1971 2 916
473.692 7.895 60 1929 2 914
334.513 6.969 48 1957.5 2 943
277.538 4.785 58 1924 2 732
738 9.225 80 1972 2 2027
359.128 4.988 72 1963 1 1712
425.385 6.165 69 1964 1 1622
438.769 7.978 55 1959 1 2025
510.974 8.111 63 1963 1 1712
256.564 6.934 37 1957.5 1 1025
209.59 4.366 48 1962 2 372
321.026 5.945 54 1960 1 1114
914.513 8.547 107 1959 2 1935
359.846 6.79 53 1973 1 2024
137.744 1.602 86 1939 2 942
616 8.8 70 1918 2 121
333.897 4.452 75 1957.5 1 951
303.231 4.212 72 1954 1 963
308 4.278 72 1970 2 964
178.308 4.572 39 1957.5 1 951
553.077 4.609 120 1918 1 962
794.667 8.109 98 1929 2 543
289.487 8.041 36 1957.5 2 1407
453.538 5.464 83 1972 1 1635
568.718 11.374 50 1994 2 1634
330.615 7.689 43 1969 1 1631
572.667 6.434 89 1979 1 1401
303.641 5.146 59 1960 1 272
414.974 5.533 75 1929 1 611
195.487 3.153 62 1918 1 623
190.359 5.145 37 1924 1 2223
610.103 6.29 97 1994 1 2142
657.077 11.137 59 1991 3 2133
398.205 4.856 82 1935 1 623
249.128 6.556 38 1995 1 2223
294.205 10.145 29 1956 2 1243
401.949 9.348 43 1918 1 811
678.82 7.986 85 1918 1 623
1020.103 10.626 96 1918 2 926
502.41 5.911 85 1957.5 2 413
365.282 4.455 82 1957.5 1 414
381.179 7.059 54 1957.5 2 926
429.436 6.048 71 1973 1 1642
456.974 8.462 54 1968 1 1641
336.103 10.503 32 1973 2 563
865.282 11.237 77 1994.5 2 1532
211.641 10.078 21 1972 2 565
331.179 3.68 90 1918 2 563
523.385 10.904 48 1996 1 1821
252.564 4.857 52 1957.5 1 1812
624.359 9.46 66 1929 2 563
358.256 11.196 32 1967 1 1812
179.897 2.116 85 1929 1 1812
340.718 6.814 50 1956 1 1811
601.18 9.249 65 1929 1 1811
604.974 6.797 89 1973 1 2024
303.026 9.183 33 1970 1 2121
314.103 4.832 65 1972 1 1402
523.59 7.7 68 1961 1 1406
602.82 8.865 68 1972 1 1401
1210.923 10.53 115 1955 3 1372
455.333 5.838 78 1968 2 1344
573.077 8.553 67 1972 1 1321
275.538 3.131 88 1934 2 1372
177.436 3.549 50 1929 2 1335
400.205 4.213 95 1918 2 1373
578.667 6.222 93 1964 1 1362
631.385 11.48 55 1981 1 1361
394.615 7.892 50 1967 1 1361
785.744 5.005 157 1918 2 1242
438.308 10.193 43 1991 2 1235
332.667 4.158 80 1960 2 1241
221.282 4.426 50 1918 1 1236
330.051 7.676 43 1952 1 1236
119.59 2.781 43 1937 2 1242
883.744 8.034 110 1918 2 411
230.923 2.887 80 1929 2 350
325.846 5.172 63 1957.5 2 411
436.564 9.095 48 1957.5 2 372
409.385 8.188 50 1918 2 360
434.667 11.145 39 1972 2 2031
218.103 8.724 25 1961 1 1831
617.846 9.965 62 1956 1 1841
513.487 7.551 68 1957.5 2 350
461.333 5.695 81 1959 2 415
386.308 4.89 79 1991 1 2222
805.795 11.192 72 1976 2 2145
256.205 4.2 61 1961 1 2135
478.923 8.552 56 1964 1 2121
174.256 2.904 60 1918 1 623
649.487 11.598 56 1985 2 1235
276.718 10.643 26 1959 1 624
275.282 6.882 40 1966 1 1134
384.308 6.005 64 1960 1 2131
691.949 8.046 86 1965 1 2148
220.872 3.248 68 1972 1 2222
512.256 8.987 57 1988 1 1236
821.487 8.647 95 1983 2 922
252.513 6.475 39 1961 1 1821
465.128 5.472 85 1973 1 713
180.308 3.22 56 1939 1 814
495.077 15.471 32 1991 2 332
442.872 6.92 64 1918 1 962
182.718 3.206 57 1918 2 961
246.923 2.245 110 1918 1 1711
648 7.535 86 1972 1 552
254.256 4.238 60 1918 1 1711
229.179 7.162 32 1968 1 1811
118.615 1.977 60 1939 1 1925
331.692 8.09 41 1961 1 1821
362.41 7.396 49 1957.5 1 552
256.872 7.784 33 1961 1 1133
196.154 3.325 59 1990 3 1952
326.256 9.063 36 1972 1 963
109.949 4.229 26 1918 2 916
1174.154 8.57 137 1918 2 372
377.436 4.603 82 1939 1 1011
185.333 6.178 30 1959 3 964
511.744 7.108 72 1991 2 2144
142.821 2.8 51 1940 2 734
314.308 9.244 34 1977 2 411
179.538 6.191 29 1959 3 924
330.82 16.541 20 1972 2 411
390 6.964 56 1957.5 1 1712
375.538 10.73 35 1939 1 962
340.82 5.41 63 1954 1 2513
437.077 6.829 64 1959 2 113
475.333 6.511 73 1968 1 1402
929.897 9.299 100 1972 1 1124
503.026 5.918 85 1957.5 2 350
539.18 9.985 54 1939 2 413
431.538 11.065 39 1957.5 2 413
345.385 4.428 78 1961 1 432
243.846 6.59 37 1957 2 411
544 7.884 69 1984 2 1235
273.744 9.125 30 1960 1 1241
300.718 5.276 57 1940 1 2525
329.897 3.881 85 1969 3 1851
289.436 14.472 20 1957.5 2 372
551.077 8.104 68 1957.5 2 372
366.154 6.538 56 1962 1 422
475.692 5.531 86 1953 1 1721
531.846 7.187 74 1960 3 512
291.385 3.511 83 1961 1 1631
398.821 5.048 79 1958 1 712
482.718 4.926 98 1974 1 1402
304.513 3.015 101 1929 2 1372
735.692 9.809 75 1918 2 232
695.128 8.275 84 1981 1 611
263.846 5.173 51 1958 1 1926
337.026 5.811 58 1939 2 563
441.641 7.24 61 1954 1 1821
259.897 3.375 77 1968 1 711
588.41 9.052 65 1993 1 1921
470.615 4.902 96 1929 1 611
523.744 3.851 136 1929 1 623
560.205 8.238 68 1981 2 731
454 8.107 56 1970 1 1712
218.564 2.876 76 1939 1 1014
739.846 15.099 49 1994 2 1853
303.744 7.408 41 1973 1 1643
305.487 5.091 60 1963 1 711
97.538 1.548 63 1918 1 563
425.179 9.663 44 1957.5 2 231
380.462 5.284 72 1993 2 951
500.359 7.148 70 1930 2 731
630.769 11.469 55 1939 2 426
457.026 7.254 63 1924 2 1261
337.538 4.116 82 1939 1 1011
463.436 10.533 44 1991 1 962
309.385 3.556 87 1918 2 412
336 3.294 102 1929 2 122
221.026 4.805 46 1948 1 1236
322 9.2 35 1957.5 2 415
517.077 8.618 60 1984 1 2149
201.897 4.12 49 1963 1 711
330.359 9.439 35 1972 1 1841
332.103 5.826 57 1929 1 623
422.256 8.445 50 1971 1 2021
493.026 10.271 48 1988 1 623
351.949 6.768 52 1932 1 1812
448.718 6.903 65 1972 1 915
187.949 3.481 54 1957.5 2 151
739.641 8.911 83 1964 1 1635
289.846 6.741 43 1918 2 231
333.436 9.262 36 1979 1 1833
479.077 6.222 77 1956 2 411
493.692 15.428 32 1957.5 1 962
213.744 10.178 21 1959 2 1261
384.513 6.202 62 1973 1 2024
263.487 4.25 62 1939 2 961
640.769 10.171 63 1936 2 1372
666.667 6.873 97 1974 1 1341
637.795 9.519 67 1939 1 962
431.897 9.189 47 1984 1 962
303.641 5.061 60 1957.5 2 152
323.231 10.427 31 1918 1 1713
448.205 7.003 64 1973 2 2144
445.846 5.184 86 1950 1 1131
447.744 3.731 120 1924 2 521
389.897 5.819 67 1959 1 1132
747.282 6.793 110 1957.5 1 1013
210.769 4.79 44 1918 1 1842
374.821 4.685 80 1954 1 1722
522 4.661 112 1918 2 522
395.282 5.27 75 1967 1 1957
1138.769 9.49 120 1971 3 1250
267.026 3.141 85 1988 1 422
575.744 3.598 160 1918 2 241
589.026 6.849 86 1985 1 252
435.692 4.685 93 1918 2 914
833.231 7.575 110 1918 2 961
557.333 13.593 41 1972 2 381
